  3.192357232927 -0.443220528395  1.424529519332
 -3.224836646039  0.477393961613 -1.447370639013
  1.471187733311  3.304994335796 -0.455717665042
 -1.448988136869 -3.254991608021  0.454047514261
 -0.543632183710  1.440966498847  3.222013466404
  0.464057326730 -1.477519844276 -3.226513676802
  3.421887620307 -0.772367020495  0.091157658033
 -3.490388092877  0.758169124167 -0.137018776931
  0.103920867461  3.592556811402 -0.782044206887
 -0.133264693583 -3.529681917746  0.791509517908
 -0.778286332528  0.098610784873  3.452488096239
  0.778213601287 -0.122447817079 -3.491541402547
  2.905591711994  0.930631182460  1.793838118137
 -2.903222049554 -0.944156385019 -1.846924482016
  1.857957024901  3.007326289601  0.912062250910
 -1.813767741677 -2.910647937280 -0.910996415300
  0.896521213567  1.842503742433  2.872737550465
 -0.944251862323 -1.835272179101 -2.900790467273
  2.908144185391 -1.973367322228 -0.519510404486
 -2.898117804800  1.957681805258  0.500644089215
 -0.494051521782  2.971222670356 -2.006153105159
  0.469008246166 -2.940556062350  1.944832666257
 -1.992139002641 -0.526240431155  2.906451007730
  1.984139970275  0.454917902213 -2.876156059171
  2.394965189830 -1.343693940716  2.238475080418
 -2.379747652058  1.348605686376 -2.252309882176
  2.175503726604  2.455698443312 -1.342847281682
 -2.318736952763 -2.406288236453  1.383582533026
 -1.423630628597  2.293044852704  2.455401480815
  1.337764238507 -2.290190362130 -2.399433246842
  3.088998417890  1.618919906198 -0.547879098437
 -3.162309542504 -1.624204855790  0.519131865057
 -0.603213110378  3.129758802230  1.610566905769
  0.558191489716 -3.170084203205 -1.602102421546
  1.571589279265 -0.527320167137  3.117811221712
 -1.559721871601  0.537787287812 -3.176067400787
  3.414965796583  0.303966318880 -0.930146213919
 -3.426112350601 -0.315357603694  0.901201426765
 -0.913864946654  3.412685293095  0.281842261834
  0.918128429501 -3.488686911973 -0.300517201273
  0.275478699522 -0.889144749386  3.373860711094
 -0.269435969033  0.895835461872 -3.449565086659
  2.888157415876  2.013976908590  0.873241600327
 -2.901685566998 -1.899392770759 -0.858573899500
  0.812628395514  2.828336953502  1.922185870972
 -0.896807785887 -2.919260972956 -1.891721590606
  1.895500385727  0.897947195184  2.820681920246
 -1.916706035353 -0.866511433250 -2.894922544496
  2.073032008047 -2.809390886601  0.281900531071
 -2.052401047546  2.737971476276 -0.302833789565
  0.284397402978  2.150708832386 -2.860803449096
 -0.304817190148 -2.106796433344  2.808926979230
 -2.846266187115  0.290384812793  2.129846339423
  2.877434753006 -0.304507029317 -2.149019866960
  1.799246767001 -2.507969459096  1.657711211551
 -1.809957354800  2.468359716677 -1.666951027646
  1.648789278716  1.835912298262 -2.458970085460
 -1.711347131559 -1.872304455536  2.543591900811
 -2.533397030861  1.672255774738  1.887532102669
  2.532959941379 -1.691656482095 -1.898079536605
  3.176993671043 -0.431800038758  1.408175661235
 -3.194708361538  0.476857323002 -1.431367800416
  1.434797260931  3.296219831151 -0.478378360699
 -1.472208778833 -3.278847595280  0.476577069033
 -0.509019976117  1.450006935866  3.217521118843
  0.500781127228 -1.444455492269 -3.201277761685
  3.435779146816 -0.757339735292  0.075697635991
 -3.425004533059  0.746051088580 -0.135245707233
  0.044159797586  3.470593401233 -0.800112584630
 -0.143942706773 -3.477343084995  0.788842892971
 -0.830930411836  0.094440673213  3.449137544908
  0.757605106034 -0.094386756617 -3.427274786777
  2.866888863556  0.902324689165  1.826345051177
 -2.927339897360 -0.927664646462 -1.853711373844
  1.790059323016  2.966456948809  0.845176748855
 -1.848009272678 -2.981215353074 -0.920329602582
  0.849213051882  1.841837647829  2.900642617860
 -0.860458031768 -1.867500683474 -2.948905973809
  2.865747488549 -1.985080842943 -0.499755167434
 -2.895063794743  1.946751760067  0.465722984462
 -0.477687413915  2.892507951559 -1.995921027142
  0.470557505831 -2.900912762467  1.953893602814
 -2.077606072948 -0.502165969360  2.890451679328
  1.971824942545  0.508544976529 -2.911613521721
  2.347268660170 -1.305888438527  2.172187294368
 -2.368079483063  1.334983602436 -2.277048051642
  2.264754506305  2.419798555785 -1.370681443139
 -2.265635144027 -2.444497411067  1.354210765752
 -1.383024412021  2.233078927849  2.348436993474
  1.369332404996 -2.283499649644 -2.425995734854
  3.127016637896  1.613589604887 -0.538771546490
 -3.163673604281 -1.628441801563  0.553639047616
 -0.561282988656  3.189350961521  1.581540260867
  0.539936229191 -3.170904605981 -1.622120501999
  1.552077790154 -0.557635896051  3.081206206213
 -1.582816567769  0.503256235927 -3.160273348588
  3.362361452681  0.304395545524 -0.933223250856
 -3.478860752905 -0.308124776692  0.920792807914
 -0.952489728356  3.441978993632  0.275603943280
  0.867135826736 -3.429902659162 -0.300488136858
  0.227687956228 -0.923984277208  3.380231995834
 -0.313952121616  0.922466188075 -3.415049198816
  2.798882205218  1.916287198886  0.826785994804
 -2.889412942424 -1.929037912019 -0.863086606192
  0.807447488102  2.983650305142  1.947377698040
 -0.856403475728 -2.900378651196 -1.915006539342
  1.836738457757  0.855438312511  2.869588484326
 -1.909860312656 -0.911182315228 -2.889284328879
  2.104007372805 -2.880092813068  0.268634661719
 -2.132405552394  2.835782919544 -0.283514659139
  0.268969253506  2.097228203405 -2.819928772807
 -0.355361049584 -2.132657022764  2.835710188303
 -2.918829499786  0.272093467464  2.098408471372
  2.780027262979 -0.258217807037 -2.111338906490
  1.835238060006 -2.502629750462  1.650961808605
 -1.838870550200  2.498369496995 -1.699596121961
  1.691220937099  1.891710919613 -2.520411415478
 -1.735495588265 -1.892072469698  2.481046965485
 -2.574400882326  1.662063572536  1.857535661093
  2.515814042882 -1.713588742086 -1.875417577277
  3.134551482075 -0.480807556047  1.443463932386
 -3.238874617883  0.350846096367 -1.415304867280
  1.373534108411  3.150546738651 -0.454816387373
 -1.459511420663 -3.221538186001  0.438244195147
 -0.460411076572  1.398903270531  3.129127247945
  0.423986906320 -1.445567522045 -3.231252861275
  3.422917792336 -0.777020556211  0.106080760648
 -3.491519218114  0.738371624367 -0.138998246096
  0.041875783903  3.427778991187 -0.821445303315
 -0.107505478595 -3.434668521118  0.726976829358
 -0.853157387800  0.087304165962  3.432606211351
  0.793543044076 -0.131835482587 -3.478849239466
  2.822024499629  0.881344955689  1.798901363813
 -2.884307434000 -0.938133311622 -1.837905808206
  1.776916029673  2.885657033774  0.883371040243
 -1.831050678187 -2.948131203568 -0.930296590673
  0.828565523261  1.849059803838  2.953459679578
 -0.897339089002 -1.846145218726 -2.921935320322
  2.889988193180 -1.993743723387 -0.489673325762
 -2.949590321426  1.974135072078  0.428216550887
 -0.530496753205  2.852796413485 -1.976762242424
  0.438072336000 -2.907765645962  1.965742897872
 -2.023708011577 -0.467603044904  2.895313580219
  1.979171921087  0.494094065345 -2.913983324569
  2.291708451263 -1.359430987348  2.266996818871
 -2.462099634914  1.290021093457 -2.257118989733
  2.238991640714  2.412268064248 -1.407441468849
 -2.282315871482 -2.438029104537  1.330562020406
 -1.379790539572  2.224672010824  2.354121403257
  1.344748543702 -2.219380181249 -2.425293274630
  3.050068530038  1.586499604771 -0.536678347007
 -3.164647332374 -1.600435359736  0.454043161619
 -0.570448669432  3.153519312185  1.530543726683
  0.513609345467 -3.168525817033 -1.582734007982
  1.468855840569 -0.476932441175  3.080086173193
 -1.579109240218  0.520949724844 -3.115096998530
  3.395435633234  0.268241239063 -0.894574319012
 -3.429034096511 -0.266646346863  0.871189119107
 -0.943250052670  3.451777492363  0.240929254215
  0.921618124963 -3.418467426707 -0.252856194786
  0.186491886485 -0.904096635601  3.454805386570
 -0.273229506974  0.878605178287 -3.391255271804
  2.801132099805  1.907075464351  0.823282258562
 -2.866443770830 -1.984267600965 -0.913707830326
  0.773770677272  2.883415563655  1.896288635116
 -0.852300198181 -2.927218444613 -1.957299474819
  1.814167482683  0.872357733226  2.853077369493
 -1.933663927806 -0.871166373043 -2.886931234559
  2.119496740078 -2.807625960555  0.269211176146
 -2.199680405278  2.888437810253 -0.309609308362
  0.252189959775  2.124376613167 -2.852274236877
 -0.331296697150 -2.090852566023  2.835340213750
 -2.879837692095  0.248158992245  2.095140901051
  2.819439732439 -0.260669608040 -2.120812641979
  1.820804980613 -2.534395611134  1.683665452973
 -1.963732117768  2.508905557899 -1.711129359061
  1.659976691404  1.895969909410 -2.579957801827
 -1.737487272908 -1.908896413109  2.483955232247
 -2.534453599556  1.647690026050  1.779719833031
  2.461569595469 -1.659976831812 -1.825951347706
  3.158360994352 -0.466843438706  1.453809038682
 -3.325745625782  0.499114346234 -1.518664665172
  1.329444093502  3.208677814376 -0.524581232183
 -1.440053988555 -3.210030081898  0.442875125207
 -0.616790263822  1.501836369119  3.256797813961
  0.472883220631 -1.450915935963 -3.254374796556
  3.431517208454 -0.768215442665  0.131644949202
 -3.587967442051  0.752137345487 -0.149173178138
 -0.015486137893  3.440396316911 -0.834375317209
 -0.105203071490 -3.504820189416  0.775570564860
 -0.890980862187  0.083316724850  3.461807242741
  0.751673157300 -0.115421108728 -3.497709938424
  2.861137619660  0.890865446975  1.848185765283
 -2.998959107984 -0.909839735844 -1.900482054471
  1.772990087177  2.876062828392  0.842774511805
 -1.855003125604 -2.938933228998 -0.910575613124
  0.808373337135  1.807801814255  2.833661217278
 -0.875615615410 -1.894001392054 -2.961449585437
  2.833206717229 -1.971546233062 -0.439947201353
 -3.008343122889  1.964847376924  0.476202180207
 -0.574231957603  2.911222345590 -2.075004597229
  0.440465165728 -2.909209599777  2.010731943925
 -2.023779198332 -0.500526567887  2.854199789446
  1.977360941283  0.471323009157 -2.934921778152
  2.366173025954 -1.377005831674  2.285676812991
 -2.411937965510  1.340661974683 -2.285637498807
  2.111937745757  2.304241813123 -1.336360441322
 -2.232085402256 -2.378491563880  1.326977690087
 -1.459335208874  2.235381756176  2.344879059822
  1.391111480078 -2.210521010701 -2.392557898099
  3.099847307372  1.600231066387 -0.535793075828
 -3.146355706229 -1.653660727337  0.508322149351
 -0.647909546575  3.068717353627  1.521458218761
  0.522784012343 -3.144723325146 -1.611516764536
  1.557273299977 -0.553643961889  3.214313221837
 -1.632292345070  0.493601233967 -3.134802250406
  3.424387581186  0.247445018582 -0.905282098656
 -3.453137763130 -0.302176259837  0.850339122438
 -1.036967625712  3.368498677619  0.244896897827
  0.881908552598 -3.418984689042 -0.249263299592
  0.203006090290 -0.950566001089  3.381284211887
 -0.331436683726  0.874717567121 -3.487521667640
  2.821667021371  1.908449495082  0.847179525715
 -2.900871061351 -1.952294077157 -0.876230039942
  0.800745542992  2.836370666594  1.854442758074
 -0.831267952187 -2.886894026492 -1.949624222840
  1.849269151868  0.843591544793  2.865374565433
 -1.928375748835 -0.892157619959 -2.873051081082
  2.072349626139 -2.826783902826  0.309042622481
 -2.213989223768  2.766519470988 -0.365892898254
  0.229272317843  2.089607850876 -2.880051673582
 -0.347083307735 -2.132344334593  2.839345065430
 -2.817072316523  0.230514224834  2.004736811680
  2.834328856367 -0.299584191442 -2.148402634271
  1.796746104083 -2.497182068230  1.718575886734
 -1.893477109329  2.482542308555 -1.707400829932
  1.608554019548  1.791517879242 -2.506713230510
 -1.737162509667 -1.868926524683  2.461245534267
 -2.605484080274  1.680471456339  1.787225331980
  2.526992188656 -1.666452439548 -1.859504318857
  3.217339290742 -0.432894377152  1.477233693179
 -3.275880357243  0.391403591436 -1.555205373899
  1.355106286700  3.148608268564 -0.506629392914
 -1.500157934278 -3.248527934948  0.412285881899
 -0.563408481932  1.412480423975  3.152910363556
  0.439081166043 -1.494876214065 -3.239685613336
  3.436704293810 -0.727785578286  0.121856279017
 -3.567452037170  0.706870151582 -0.201033781923
  0.040026051546  3.448937744608 -0.814711766450
 -0.129548239525 -3.500606551338  0.780282931444
 -0.812485600781  0.056759151111  3.451452167491
  0.757615215396 -0.141850911368 -3.541829158156
  2.841461151383  0.940754444432  1.860868521041
 -2.925286854508 -0.942346388069 -1.895825289376
  1.671747638909  2.908652040403  0.897193205298
 -1.842409669207 -2.889711308999 -0.927197930935
  0.803256876903  1.797467098136  2.925508277609
 -0.931341084297 -1.854411868358 -2.901025369523
  2.902388167630 -1.970401628676 -0.477456302677
 -3.041292340499  1.939877955811  0.412393013050
 -0.590239429658  2.853345407983 -2.043784922899
  0.448734483109 -2.946722070887  2.003488445930
 -2.043145365370 -0.512452806419  2.850489934555
  1.927207415531  0.442013161723 -2.884428886747
  2.380017094627 -1.359507930823  2.253627468971
 -2.505479607579  1.284178163268 -2.387163009200
  2.194503990916  2.390943629623 -1.396157596002
 -2.323523314258 -2.421046781127  1.313863461160
 -1.486395582945  2.219982671119  2.396206956413
  1.348939716532 -2.337340003409 -2.396877263251
  3.035534637845  1.590093342412 -0.542096824417
 -3.163330588025 -1.621198022753  0.455027279889
 -0.674859279299  3.075693234354  1.542936399927
  0.528915620969 -3.105166235652 -1.587959705483
  1.535652183671 -0.523121552694  3.132702732572
 -1.642750058422  0.459495336901 -3.256194481644
  3.395115082226  0.264249164494 -0.926707205674
 -3.532168539884 -0.286389649252  0.829996559558
 -0.973689200039  3.352030246757  0.210415550303
  0.904909035131 -3.429222945002 -0.248579232790
  0.236406438161 -0.892240741376  3.474638549951
 -0.300213639609  0.855187965403 -3.500212988275
  2.788411433941  1.917400351924  0.863513165089
 -2.907757783125 -1.926107741641 -0.889614273070
  0.707218222519  2.783308172042  1.880714180717
 -0.852754979045 -2.882578592759 -1.923768688101
  1.840578330271  0.857206187120  2.904945836114
 -1.954670759987 -0.878451291338 -2.949516888146
  2.084763500960 -2.798123722282  0.308863462128
 -2.213301927587  2.794138106471 -0.406088422015
  0.215347233871  2.071876171037 -2.874042921781
 -0.284610682426 -2.135796400764  2.847847459759
 -2.993324262154  0.253746941869  2.106721876802
  2.814337312987 -0.317034213233 -2.122462433629
  1.851448982963 -2.512106013292  1.714975830742
 -1.978199597072  2.489799145291 -1.799069993581
  1.606145464147  1.800319903816 -2.517058055990
 -1.723682237605 -1.885652042227  2.502827444645
 -2.631577746642  1.664654938892  1.806129838172
  2.505088291040 -1.707321078302 -1.876394955973
  3.116207905044 -0.466088044742  1.415975454933
 -3.256048317124  0.419292090711 -1.515307374266
  1.311009672625  3.210951718697 -0.509409046130
 -1.452396676622 -3.218144950699  0.512957432052
 -0.595052889857  1.393498833901  3.173172051543
  0.502490451785 -1.501984218532 -3.243179801846
  3.410847495401 -0.778664591141  0.090730677913
 -3.486595256976  0.725955222205 -0.164210572703
 -0.058536011820  3.336022353479 -0.813180619391
 -0.094525479524 -3.406075595910  0.819335676120
 -0.879176778441  0.030104274767  3.399801894590
  0.738855610054 -0.131251526546 -3.438641079003
  2.846311679242  0.925325031290  1.803259481517
 -2.927913603631 -0.978556155611 -1.914109754723
  1.666546512774  2.890156542133  0.857675570396
 -1.848808473876 -2.995595077504 -0.871677878659
  0.765879478096  1.836962829421  2.907808329933
 -0.897982437542 -1.908721043767 -2.988653456279
  2.896388542336 -1.986156507098 -0.474201930688
 -2.984385901606  1.884537906334  0.383169797228
 -0.557858442414  2.798745307613 -2.056232074369
  0.455068419374 -2.885855710811  1.958932277125
 -2.114456942504 -0.545248698712  2.863326436854
  1.937780824910  0.446493293805 -2.952533690137
  2.328655921387 -1.335457899984  2.248272877110
 -2.497849286096  1.313877501940 -2.362968358327
  2.153772390175  2.404867309517 -1.366052900012
 -2.307166367189 -2.436220511665  1.331868936208
 -1.472693045335  2.121719816775  2.296920529207
  1.321321221457 -2.280350723914 -2.377872927113
  3.047677104389  1.605124699441 -0.518390652281
 -3.202122455009 -1.639737047442  0.486957979318
 -0.650286229406  3.083190870466  1.488910427051
  0.525225282761 -3.176048164918 -1.614701634663
  1.500615242482 -0.540957836344  3.138666132654
 -1.652227023291  0.489221212646 -3.269463861191
  3.290522644258  0.278811980694 -0.886535270423
 -3.518767177006 -0.293847128734  0.877288153123
 -1.073817231599  3.362354291884  0.182770518154
  0.875863154361 -3.404043614228 -0.252555441278
  0.163590391450 -0.934125370971  3.379472951267
 -0.289445063388  0.854642761916 -3.469309933534
  2.775423010402  1.858828676523  0.829598222630
 -2.883778517818 -1.934619402885 -0.903788580887
  0.743025721714  2.932221455342  1.873930799083
 -0.881036058529 -2.919567202367 -1.880392506447
  1.813025967269  0.911056369431  2.874194421797
 -1.918812011945 -0.926804648687 -3.002810634346
  2.112988557732 -2.873816163184  0.307574518524
 -2.227474690919  2.795257999084 -0.367981043056
  0.240456922376  2.029132245707 -2.890917692816
 -0.376354823840 -2.173161162869  2.797187202256
 -2.924916739547  0.236415143445  2.053272137537
  2.775620142953 -0.276641556922 -2.071752190950
  1.839821111006 -2.496689517668  1.678032572853
 -1.927321567072  2.472902470639 -1.779446880268
  1.629527153857  1.854119679727 -2.581049893695
 -1.743422029799 -1.875908021723  2.509711498671
 -2.667430878372  1.604130331401  1.788797056894
  2.498379325541 -1.685479662157 -1.828701515285
  3.115696961060 -0.445633155622  1.488964624462
 -3.258815895270  0.368371517147 -1.529473538432
  1.337583252853  3.155451323513 -0.530255111381
 -1.484614369594 -3.233687672935  0.383994973869
 -0.578637533144  1.464117217727  3.140195454412
  0.443457817577 -1.473312524549 -3.180665756237
  3.349449691801 -0.778292229655  0.138709146436
 -3.570697423059  0.669498930719 -0.207196139857
 -0.014004273972  3.491951814546 -0.862963187736
 -0.150324241283 -3.518868411029  0.730471439092
 -0.938809936810  0.147721642302  3.449858398553
  0.771218344283 -0.152012364262 -3.516294314832
  2.730678975960  0.948527279833  1.803175658060
 -2.931923369583 -1.022513485149 -1.846448359166
  1.714338098515  2.966229768988  0.885641013145
 -1.812470092789 -2.922249412571 -0.993984585898
  0.785435476480  1.819147606942  2.833045529075
 -0.917752557821 -1.891525019686 -2.926297509853
  2.864133781704 -1.982595624883 -0.476102771485
 -3.026992227293  1.883527250990  0.403846530672
 -0.593570604713  2.864467531045 -2.045528226144
  0.402799228892 -2.905412832457  1.998240844813
 -2.112322884352 -0.525010880051  2.858417358943
  1.942652273531  0.479350263491 -2.939124604829
  2.276793351893 -1.334267382248  2.294831682367
 -2.383554809555  1.211194329236 -2.318349848459
  2.138816151319  2.346261374613 -1.388611659607
 -2.305308491179 -2.478142770550  1.300980343471
 -1.473464164973  2.243013060514  2.328653815270
  1.316518853473 -2.273744958147 -2.429290965512
  3.004717512677  1.589080440542 -0.558699063913
 -3.190409215110 -1.727940384955  0.477899008470
 -0.658464702940  3.128241836359  1.526234049670
  0.540523555018 -3.175697145418 -1.582907552023
  1.461542419490 -0.555836148871  3.098002629696
 -1.601972684738  0.428386303917 -3.141833311399
  3.363057875369  0.265862309708 -0.920702946922
 -3.469222740290 -0.374373669782  0.810936902747
 -1.047165584634  3.380119107963  0.177726508346
  0.896010129175 -3.499147854704 -0.266842636967
  0.133244755675 -0.860749658769  3.397907231737
 -0.281374423044  0.846649907493 -3.484881860593
  2.746893409112  1.958113840059  0.878061098062
 -2.902726129204 -2.009300345996 -0.943065416413
  0.727168626413  2.840884496549  1.829883608553
 -0.866176279831 -2.968460287299 -1.975487620415
  1.751465571437  0.855618034495  2.818520622980
 -1.937463643690 -0.982724863193 -2.854474567511
  2.064220154927 -2.850579795547  0.313177070560
 -2.211463427854  2.761074737320 -0.360101497727
  0.217567923635  2.098199404158 -2.920315575941
 -0.394134803962 -2.084478753942  2.851169789122
 -2.919698202845  0.212628377231  2.024503562172
  2.800968384310 -0.309838453891 -2.111420623829
  1.771489970242 -2.526448950878  1.710221903450
 -1.940466685716  2.402113631744 -1.769556554836
  1.596427699901  1.849363225094 -2.585729264446
 -1.797183474380 -1.902945509322  2.539290929081
 -2.568448574461  1.569443146042  1.729233821609
  2.488243848090 -1.711640443453 -1.842831454238
  3.086382058945 -0.471850661669  1.436454213379
 -3.284677888768  0.332589010541 -1.503481106088
  1.344780837496  3.272507200256 -0.561407530375
 -1.473442822987 -3.357472453085  0.470656072107
 -0.691416588299  1.442447520322  3.167401993002
  0.506363460541 -1.519256624457 -3.263759934724
  3.397599738655 -0.778190855224  0.099017125046
 -3.570411833594  0.644264138864 -0.161795418135
 -0.023843069741  3.448593043459 -0.893096526917
 -0.117475415249 -3.566904306342  0.753762004141
 -0.938139629973  0.076571534138  3.413976202408
  0.764484526603 -0.149076717980 -3.519107665921
  2.822785509905  0.888145467074  1.814899288137
 -2.983349130411 -1.047630755675 -1.928791636738
  1.676386010582  2.897588607802  0.817470779720
 -1.848892858964 -3.118250557718 -0.940739420798
  0.687794909506  1.870627986404  2.845698658787
 -0.855325565047 -1.896815023958 -2.933046070352
  2.808797663646 -1.954154059283 -0.454271043478
 -2.980575935953  1.906610574125  0.376642379014
 -0.557085637883  2.885872419339 -2.091508410857
  0.394025566693 -2.938864569584  2.008181436238
 -2.100348766760 -0.534996823195  2.853879098031
  1.968124916199  0.470212523867 -2.915502256150
  2.254424142828 -1.331993197111  2.253723227090
 -2.435637257664  1.249078038569 -2.275066335953
  2.142703622077  2.397564840247 -1.406093694377
 -2.309153418374 -2.469769410989  1.262709951056
 -1.535452945003  2.285439102586  2.294754177261
  1.394563265433 -2.282628700061 -2.397725185955
  3.044983942377  1.605203749032 -0.585535347134
 -3.182880127651 -1.693489365516  0.467875857259
 -0.710068922082  3.149969381777  1.516423616276
  0.566493100891 -3.252947130046 -1.589377403039
  1.433436428533 -0.465808071589  3.129815667389
 -1.629943884208  0.455434743325 -3.131098994681
  3.341440128850  0.256441788775 -0.884499076508
 -3.531674444836 -0.380490816404  0.798166111298
 -1.019537963051  3.445477956008  0.144349748985
  0.869597877509 -3.461023205585 -0.266050456160
  0.139715027915 -0.940509432821  3.442151414411
 -0.304521912544  0.827283459639 -3.489045092270
  2.765258749352  1.903145730845  0.827336393380
 -2.939061280912 -2.051195225360 -0.952983121366
  0.688912415186  2.922823680473  1.837962111734
 -0.851774932601 -2.958827188957 -1.915572944407
  1.728138079138  0.915060238256  2.836774058204
 -1.870501478976 -0.964834522540 -2.914854554968
  2.010588727969 -2.828173097599  0.313399757330
 -2.193438716937  2.775283866272 -0.418785639776
  0.254533225549  2.056587727327 -2.908582959766
 -0.411921664066 -2.137126905077  2.812246360030
 -2.908700761910  0.219989115739  2.016491612288
  2.814175001570 -0.319620244094 -2.121201150362
  1.712535823994 -2.536179351826  1.689048688025
 -1.935051578093  2.405795966707 -1.759273508788
  1.638472815611  1.784364944279 -2.522649094586
 -1.774315958033 -1.906607204338  2.414218328590
 -2.668331173186  1.670212981655  1.751716199360
  2.518877741078 -1.683404294465 -1.802984703452
  3.068982443553 -0.359230407736  1.476391386787
 -3.240072577232  0.333782196025 -1.567701387283
  1.307437557785  3.191832248163 -0.514681359020
 -1.526574538585 -3.348135755609  0.433000104225
 -0.641549354051  1.408420672846  3.104322805997
  0.461008652169 -1.538501198341 -3.223341864600
  3.360861616562 -0.707225102501  0.135517255918
 -3.509380073129  0.687538805678 -0.209385939906
 -0.030654673343  3.443931644907 -0.877579920532
 -0.181140383596 -3.543479651845  0.797012661221
 -0.958488511204  0.088690973803  3.353113633342
  0.778886997096 -0.203743652463 -3.436112053709
  2.703963022223  0.950901435323  1.817832828302
 -2.880968255701 -1.004234214890 -1.896216325099
  1.653868530881  2.914130893167  0.832182428189
 -1.851037447701 -3.047855141479 -0.950920811599
  0.724460300359  1.851115935661  2.844140272615
 -0.912382240286 -1.949955023617 -2.942939344348
  2.895922950071 -1.993406885075 -0.472320044945
 -3.048654483085  1.929878954741  0.343932556703
 -0.551678814320  2.819738099014 -2.046095473656
  0.415749601917 -2.939614066420  1.992845534690
 -2.114836605196 -0.498049212664  2.776711673190
  1.958459804878  0.435267830603 -2.923116290328
  2.277706423816 -1.284920358899  2.233293892190
 -2.456110821021  1.276266885777 -2.397869665581
  2.216329540979  2.414022178893 -1.433066594388
 -2.334400846931 -2.493074157226  1.290318757993
 -1.540639609135  2.204088929383  2.271901263325
  1.350282576731 -2.356556495732 -2.408683031890
  3.078377971898  1.602110284382 -0.517768786135
 -3.206082797416 -1.664369349427  0.465423213809
 -0.728645435653  3.120372259984  1.486951036202
  0.512193473212 -3.201161223211 -1.537274455392
  1.398444558248 -0.488502184303  3.133754948626
 -1.597996055027  0.403598289682 -3.278480007660
  3.395585588764  0.285819031953 -0.864685008587
 -3.502871609968 -0.353569165240  0.755879774988
 -1.052746935092  3.411148529724  0.132954532753
  0.871936650234 -3.475574929570 -0.246856569492
  0.091449004218 -0.897656972261  3.332374278020
 -0.265759109975  0.769958605502 -3.426515040172
  2.665992681277  1.939198101243  0.811851238341
 -2.893428043873 -2.037950276770 -0.938179786604
  0.661755580957  2.870490744849  1.826189760151
 -0.869386423363 -2.976280861351 -1.944615876614
  1.737427880409  0.851489623951  2.866894620275
 -1.893577500906 -0.987287555062 -2.991041933365
  2.083438893775 -2.844255828235  0.349762007743
 -2.273331457176  2.779161368077 -0.442964143752
  0.216192067603  2.013849418308 -2.892053732326
 -0.387123680876 -2.165628424807  2.798630313625
 -3.046872567695  0.234532274847  2.044643937820
  2.791863921335 -0.329450755803 -2.123709676117
  1.776566273843 -2.505582386089  1.684094398802
 -1.961423392313  2.449403680823 -1.799760519141
  1.661097707279  1.834785666074 -2.589079254146
 -1.777611188691 -1.913517514623  2.428702797238
 -2.696201138631  1.636542208361  1.752284991358
  2.499542182940 -1.733624654330 -1.856594226794
  3.061989011851 -0.474159527533  1.471644058661
 -3.221390476996  0.368738683544 -1.622943291707
  1.281081469239  3.195154156303 -0.554763994910
 -1.456737383759 -3.228908051015  0.435683718506
 -0.715746732698  1.416209795551  3.085561375354
  0.504121569198 -1.543839924120 -3.183333083213
  3.390078794848 -0.777813579465  0.131259108568
 -3.562082562082  0.703663377838 -0.285976850320
 -0.072844268679  3.374731379861 -0.885984029401
 -0.126791051556 -3.478313724116  0.800975250153
 -0.967108005638  0.083299314283  3.308747717106
  0.787499611548 -0.207882733999 -3.459497674838
  2.742766402646  0.941738001071  1.836460590721
 -2.941838968419 -0.977002262488 -1.932196666296
  1.655200158456  2.943492129856  0.831557192255
 -1.863445987026 -2.938589791519 -0.913845008747
  0.641663084369  1.856251631762  2.841858645865
 -0.927401943468 -1.994305494995 -2.988969935461
  2.845554179161 -1.992684627352 -0.441290623184
 -3.082884500647  1.909006212009  0.296934415440
 -0.589116448073  2.790537488848 -2.113586694960
  0.390317958326 -2.873245265069  1.981420552004
 -2.213765132920 -0.553920846071  2.795880848085
  1.981997066431  0.404117658134 -2.895497233621
  2.283263904948 -1.346014039204  2.270333189015
 -2.432499564557  1.237752464606 -2.440520921764
  2.124208404622  2.360201903444 -1.383572844888
 -2.352826562525 -2.495234050413  1.297084448244
 -1.588977100402  2.198198822173  2.249134138555
  1.369801086233 -2.305236181162 -2.289851979332
  2.990290470820  1.597385842728 -0.551452055723
 -3.227916631540 -1.664109314182  0.420884595979
 -0.734207971466  3.051073007440  1.438676447629
  0.533023672381 -3.222452662003 -1.580134638381
  1.425046220036 -0.524847585779  3.089226299749
 -1.589377824263  0.391479973279 -3.261425655049
  3.319875035256  0.317514267502 -0.914216106562
 -3.540961578359 -0.374201108596  0.762576805825
 -1.119326067327  3.338549413064  0.146239076342
  0.906635770256 -3.468867929779 -0.296469665622
  0.116773516657 -0.874987009689  3.357810976291
 -0.275087242576  0.844063315001 -3.496014795055
  2.738223508277  1.991458024811  0.836027636200
 -2.872151628715 -1.949679262697 -0.946933932118
  0.631294810786  2.838758020418  1.795086343479
 -0.872038445889 -3.004276351370 -1.933651571920
  1.724973287326  0.878465332118  2.840742263447
 -1.935689591137 -1.006455045063 -2.957257008529
  2.069745763488 -2.860640154824  0.333418820639
 -2.290308585497  2.753502965889 -0.430838947367
  0.243458560324  2.007231437063 -2.900978754133
 -0.440334165250 -2.102238094117  2.771568114253
 -2.980036489186  0.229840267394  1.930171705004
  2.847992360608 -0.308646812893 -2.094820911674
  1.779688381684 -2.509207434669  1.695625108562
 -1.929992965875  2.399147095745 -1.874149694843
  1.627857143484  1.793636211721 -2.535181333183
 -1.888699593526 -1.895303955215  2.481130086903
 -2.711648102748  1.630021389313  1.696005332884
  2.515241319466 -1.719157315434 -1.797280776985
  3.140573151394 -0.406436071727  1.498568658389
 -3.357085067965  0.312360037571 -1.681829340173
  1.287181907333  3.175737161641 -0.528398077818
 -1.509087168319 -3.220399338335  0.404488053910
 -0.700519787604  1.438908962946  3.096692624922
  0.487578722202 -1.509914451076 -3.272137225703
  3.398752767509 -0.771789242398  0.188654026197
 -3.684054958350  0.676217303541 -0.303279163106
 -0.039152434214  3.412212820848 -0.921299539664
 -0.184514102214 -3.433408782336  0.780419127010
 -1.034596418786  0.121835217847  3.439643450287
  0.785013410633 -0.216535083859 -3.571261722007
  2.775089822692  0.921657579554  1.845424224673
 -2.969404248938 -1.064317099443 -2.008560818113
  1.623788125440  2.888508154561  0.865928460064
 -1.818917618965 -2.975179081345 -0.949957894907
  0.627581024476  1.804733763417  2.777134581484
 -0.815212179850 -1.875909987432 -2.977168379055
  2.876822013367 -1.994128581167 -0.402294603259
 -3.086697695679  1.883266934929  0.236434940945
 -0.591437810231  2.828280649974 -2.166573369301
  0.346713613997 -2.904231581636  1.971310347958
 -2.206281537587 -0.549033812184  2.798258373362
  1.956892292199  0.395646434336 -2.901479588756
  2.238468902475 -1.281036538743  2.299001372803
 -2.476581014591  1.194649516531 -2.374942756735
  2.084384821124  2.347903724650 -1.351210953105
 -2.345889995982 -2.391029699604  1.271617281480
 -1.601579823714  2.198836133177  2.215362131237
  1.360319628314 -2.288611476419 -2.406979604461
  3.026552329655  1.564038428597 -0.518549313095
 -3.268254809625 -1.652220283717  0.378132948219
 -0.766761519896  3.113533978901  1.395861054728
  0.577903761981 -3.201257262146 -1.570234343995
  1.371760477082 -0.509002425142  3.126672919601
 -1.596216245754  0.394195600539 -3.243229084984
  3.337832631245  0.270758189286 -0.866074343768
 -3.591137569360 -0.381085724253  0.761283088355
 -1.114422324912  3.326954115716  0.077135552270
  0.886280991898 -3.465549251018 -0.243356905077
  0.047302826189 -0.890896898323  3.377404884781
 -0.288332893204  0.768826076187 -3.591137569360
  2.721420064405  1.896615504475  0.842546208722
 -2.913644941771 -2.047556135999 -0.995325339980
  0.626219209223  2.882493786448  1.813677178646
 -0.754097859598 -2.955327945765 -1.953592287676
  1.719974348422  0.886786740793  2.794746072245
 -1.874452414060 -0.959734911244 -2.993203651854
  2.084136860949 -2.852430229943  0.346907376761
 -2.281817142977  2.734126127858 -0.499677943144
  0.217807178527  2.021907000727 -2.982237943082
 -0.453770910895 -2.156642466014  2.806807663897
 -3.056029683595  0.223359885793  1.944542022111
  2.783401402821 -0.312634675228 -2.035295586496
  1.750581142705 -2.490250696775  1.759205832228
 -1.964620337511  2.404620051382 -1.931521304778
  1.559211770064  1.794041709447 -2.522566956023
 -1.830100819420 -1.877546159525  2.457058012040
 -2.741292261154  1.609240052059  1.643012199785
  2.468451543379 -1.714842022109 -1.808184846733
  3.073797307831 -0.434272620116  1.499649377226
 -3.313046301903  0.310053137417 -1.684323123109
  1.242232596688  3.132562043957 -0.618124980369
 -1.458605930761 -3.282971231959  0.344409943223
 -0.726700928031  1.417044239107  3.048385602148
  0.556794291698 -1.549317794029 -3.314991371156
  3.371973068630 -0.776714748022  0.202120819111
 -3.625197974299  0.615335077383 -0.321220752606
 -0.052854831416  3.386035752247 -0.953041952234
 -0.132330420082 -3.495735664348  0.774890429477
 -1.036507930575  0.116343868789  3.342701271710
  0.787588489685 -0.173893094591 -3.553489745130
  2.699406648705  0.928327511686  1.890646066858
 -2.981587433744 -1.044932258167 -2.022759416480
  1.575075885755  2.919065946521  0.794355443606
 -1.899218805494 -3.015492266842 -0.991569992962
  0.598131330872  1.881645505654  2.870798659154
 -0.846804075257 -1.959584611764 -2.988910542961
  2.848237231811 -1.980426324373 -0.377298083440
 -3.080010774204  1.856255703588  0.240326483530
 -0.636374905397  2.806839676875 -2.157241164874
  0.360217895794 -2.884859517470  2.050098078811
 -2.199524131397 -0.485734044526  2.784861222718
  1.927774241819  0.438042288731 -2.934990437566
  2.228132501462 -1.327174541823  2.325711008189
 -2.501468437549  1.222706785981 -2.483463945355
  2.154295128414  2.349886704009 -1.437242462768
 -2.341303434787 -2.439805403615  1.197607206838
 -1.600056258676  2.167723870814  2.178081473404
  1.450299966944 -2.364040933511 -2.445802922792
  3.000698479810  1.556168150183 -0.492791361777
 -3.234952887621 -1.661256087278  0.314173965940
 -0.781828821322  3.110401340475  1.396728774932
  0.532755493483 -3.142923156742 -1.563492242255
  1.329740915591 -0.489048089829  3.127646226471
 -1.601035883897  0.374924770397 -3.324814160437
  3.338553625298  0.238395876280 -0.838517768533
 -3.634132122613 -0.403578772997  0.663363250267
 -1.091758680691  3.371565745603  0.064840181632
  0.870572026826 -3.392592796507 -0.230280867071
  0.030660008839 -0.867258402746  3.438170993689
 -0.284192407590  0.802349982923 -3.540300257621
  2.664340081471  1.916109302203  0.875327077381
 -2.954652303431 -2.055985799088 -1.020317787973
  0.618144637461  2.868403582902  1.764582046890
 -0.829967775959 -2.911626158423 -1.956333469155
  1.636333702778  0.928149615003  2.882668594159
 -1.891983872376 -1.015328115984 -3.018238362594
  2.053935845208 -2.814202802315  0.349581583720
 -2.290996162494  2.704928325848 -0.499885606280
  0.229180631550  2.056849166650 -2.958827048549
 -0.478285410736 -2.060054817132  2.827998149480
 -3.100015515917  0.248670076637  1.920440461610
  2.755216502680 -0.318505265754 -2.068746481175
  1.714500831155 -2.505235438415  1.757738289902
 -2.006253917959  2.351806780674 -1.886030862472
  1.636179113790  1.797235144450 -2.613650759554
 -1.854096372032 -1.838618096975  2.366368052389
 -2.737599816830  1.573935072380  1.605203046993
  2.529709219994 -1.716267301687 -1.806127170424
  2.951075133911 -0.421549707727  1.503271898466
 -3.269215339385  0.288410959941 -1.717987858868
  1.233503303354  3.213982140244 -0.559543897645
 -1.542966728012 -3.282668933965  0.428372263137
 -0.795651126785  1.485601857652  3.108111710480
  0.484667226061 -1.560190131614 -3.233169287338
  3.305007814945 -0.714860197849  0.180709612465
 -3.572041687336  0.634193108593 -0.383339690666
 -0.072155989643  3.361486431272 -0.937692431130
 -0.218719829227 -3.477239744854  0.722337896054
 -1.082324540201  0.128206642996  3.279166180579
  0.819514274842 -0.210450933069 -3.451366659140
  2.626812025094  0.973365138837  1.816220525535
 -2.905043700351 -1.055408224533 -2.060292527537
  1.571796240362  2.890468949488  0.804718522101
 -1.829442587653 -3.030670911653 -1.009471566238
  0.639369101732  1.887887755627  2.816214986497
 -0.917651745020 -2.011684751255 -3.048189031228
  2.822524351397 -1.994428913451 -0.429718212308
 -3.088912067093  1.883034138796  0.200519608559
 -0.571917054205  2.740507662368 -2.192921314194
  0.343453766105 -2.899843697478  1.939232922377
 -2.186479825553 -0.547472196632  2.675168331007
  2.004064398726  0.422909838086 -2.935655268499
  2.178309074448 -1.303634472114  2.342752864507
 -2.442289919636  1.220144062816 -2.512240243149
  2.106706291537  2.355587541505 -1.447236409156
 -2.381485198583 -2.456535695024  1.219128071975
 -1.660004351741  2.256968893795  2.161439077278
  1.324565484083 -2.275061702495 -2.300301127808
  2.960390629810  1.625130704824 -0.586160583068
 -3.273466887569 -1.726531954313  0.377254135799
 -0.812014392205  3.049542562420  1.371176942265
  0.566121581852 -3.220701917144 -1.594273423025
  1.337669884465 -0.470333555390  3.228212049551
 -1.608225324888  0.398890977779 -3.338261296258
  3.291741383962  0.284557889093 -0.860955075380
 -3.543423488725 -0.394714126544  0.615847004222
 -1.141799880203  3.316383374086  0.040883943204
  0.862738675664 -3.462557722432 -0.232124421485
  0.012043479045 -0.870686599591  3.319486386466
 -0.277042982822  0.745529333195 -3.534570496119
  2.657457993154  1.938661462631  0.795080369078
 -2.898539449424 -2.063727744772 -1.058945377831
  0.617746862164  2.907335436463  1.768109231234
 -0.835027511440 -3.010869059211 -2.031938997629
  1.641310597657  0.946857550275  2.882930875929
 -1.911711168276 -1.015481160486 -3.100003300438
  2.021701022484 -2.803499234905  0.384173853406
 -2.311925068346  2.694926235807 -0.596904587924
  0.247842091840  1.951610150763 -2.996977251887
 -0.508925622075 -2.107012801764  2.742845311830
 -3.045602298328  0.230845587242  1.835166732844
  2.863684757560 -0.352727420479 -2.114494431387
  1.703352873058 -2.476939896928  1.750057140796
 -1.956528495589  2.369720990653 -1.952841807985
  1.659509554654  1.759839913853 -2.628381643891
 -1.882634959421 -1.901206418311  2.363755624862
 -2.794001910905  1.629624456463  1.612733678938
  2.504245001794 -1.727368784801 -1.796415162898
  2.972257475842 -0.385839089914  1.474374569148
 -3.271716704342  0.280019347366 -1.744061306512
  1.260624614410  3.194268604309 -0.619244030535
 -1.530929988541 -3.344281421091  0.371327803376
 -0.823721875384  1.439155378635  3.031245179555
  0.490600298058 -1.568058865542 -3.188688938744
  3.287401940495 -0.683853522152  0.150531202380
 -3.580146867999  0.659671367573 -0.425253244268
 -0.074981275395  3.380821708594 -1.016996020240
 -0.216259463347 -3.552676503152  0.754777573758
 -1.080181355542  0.126125378176  3.312952930716
  0.829935622573 -0.252137587666 -3.581106555312
  2.637493127256  1.000300830781  1.813949148554
 -2.965496840272 -1.074611097300 -2.062652361432
  1.591210005645  2.978850324091  0.831452728852
 -1.868467671993 -3.091451061340 -1.050027797637
  0.551643852778  1.865981751894  2.809884841241
 -0.821143005322 -1.991282374653 -3.007753269721
  2.785064954435 -1.957187148579 -0.397498553626
 -3.115734028719  1.896512445149  0.124269608284
 -0.578972405747  2.782711860115 -2.226320960027
  0.307361379484 -2.908333455105  1.962790262246
 -2.243670169018 -0.505351120303  2.707852879914
  1.959901652576  0.375083431211 -2.949423657367
  2.157754074567 -1.266449712809  2.218459106081
 -2.397726309217  1.149840192462 -2.556981188619
  2.154725899544  2.376772551184 -1.413785514476
 -2.437787883937 -2.556916039400  1.171310510791
 -1.699289892550  2.269777595350  2.161192240366
  1.365867702124 -2.346904442337 -2.364322170335
  2.983191592859  1.590590947655 -0.530416861166
 -3.245617000439 -1.699185709962  0.290474392970
 -0.857768660767  3.136057776953  1.378153244216
  0.505605258421 -3.241116088002 -1.592351801875
  1.298892198669 -0.430323510334  3.046013693182
 -1.551351460604  0.277539745618 -3.364286022396
  3.357577197304  0.296301035854 -0.884474224327
 -3.555891560957 -0.376318598627  0.616909470044
 -1.114595868953  3.338853536359  0.001431597929
  0.849997791076 -3.518531713125 -0.240506767145
  0.001109923659 -0.852032019283  3.334419598442
 -0.231529092413  0.738722222644 -3.608627186151
  2.621465015255  1.939172547023  0.823953969478
 -2.914889095287 -2.031327802475 -1.089110308767
  0.517376627149  2.886911437059  1.722733923323
 -0.853802561641 -3.080343259874 -1.990952556731
  1.565979566432  0.936208039868  2.807429810858
 -1.862693682034 -1.098007951053 -3.067293337719
  2.013108486347 -2.862534115639  0.357421955272
 -2.303563503041  2.743820865224 -0.628430070442
  0.266672883937  1.985147957871 -2.991334824036
 -0.544866227864 -2.072111634918  2.762235629010
 -3.065336474210  0.235065403264  1.799651562688
  2.798073315882 -0.336412736158 -2.079870569946
  1.667945536093 -2.468264801005  1.687128892176
 -1.953005804295  2.369390751507 -2.000071481710
  1.609557092871  1.779568333015 -2.569079847929
 -1.922681931729 -1.879362615234  2.351927531382
 -2.754552654602  1.628494033265  1.543848629404
  2.470921878212 -1.704074288335 -1.766707540166
  3.023896796934 -0.385903677502  1.462022894982
 -3.264361441739  0.271373175450 -1.782340263803
  1.248867286462  3.195906320888 -0.684046442469
 -1.548769922794 -3.360230904724  0.365925753679
 -0.860178199023  1.471737008625  2.992657886735
  0.574537204160 -1.653569602675 -3.348421345074
  3.393339766003 -0.799789927505  0.151918150628
 -3.588844288762  0.610736019894 -0.483455366339
 -0.101180809244  3.423618848481 -1.042287677254
 -0.241502118039 -3.558504269299  0.769005376948
 -1.152894623743  0.129803781721  3.283416043869
  0.837722358346 -0.241786584242 -3.548397856263
  2.656264105630  1.011229471894  1.824911066316
 -2.919155667106 -1.151032956723 -2.074346505871
  1.536008257852  2.928899687610  0.737638414835
 -1.871390119942 -3.115102053211 -1.039432765457
  0.508796727715  1.894715786941  2.714031946376
 -0.812629799592 -2.001958843357 -3.050860570438
  2.812588955062 -1.980471254869 -0.390603126568
 -3.074582889472  1.829866197986  0.096206441705
 -0.573953950159  2.801991255133 -2.245337511643
  0.277016866971 -2.932781120833  1.948049549363
 -2.308448290403 -0.520119633930  2.692314931543
  1.979733271472  0.388920339085 -2.929940811447
  2.110581687224 -1.258719561380  2.190495909857
 -2.440363243804  1.162657178077 -2.549745272646
  2.100641938247  2.348661365138 -1.436711440468
 -2.371224196559 -2.413343026364  1.146629627707
 -1.666026582691  2.204451041099  2.055727729552
  1.430047545872 -2.393495962611 -2.407923004469
  2.996235477479  1.610649184739 -0.521916853770
 -3.258627889226 -1.698897031525  0.243607111777
 -0.820752250414  3.168617784142  1.280799670784
  0.553367920154 -3.306519164504 -1.598787674203
  1.189273021053 -0.469967793071  2.988115694405
 -1.568487390148  0.370709307017 -3.350366975959
  3.273965335259  0.262891842291 -0.858076996296
 -3.578364390978 -0.387883146667  0.587197073447
 -1.158808881095  3.448269824704 -0.067008078064
  0.854154423587 -3.489116981064 -0.217416564027
 -0.121458222904 -0.899544053093  3.311587464861
 -0.226215359222  0.758371873030 -3.634444529968
  2.652012276631  2.029387226272  0.869725648607
 -2.968181999039 -2.121772188884 -1.098146112328
  0.507585710440  2.988887656490  1.719949777057
 -0.831986278492 -3.060473169242 -1.912409416265
  1.518450262462  0.916573132301  2.761653357863
 -1.844941643064 -1.049461813795 -3.060136190522
  1.970126991019 -2.842950456918  0.339766236053
 -2.277383626284  2.709823924610 -0.626229178177
  0.247546533421  1.981424343015 -3.044967514664
 -0.563415783138 -2.121142459901  2.762532170284
 -3.120225112610  0.227427780575  1.787897323711
  2.762384742094 -0.325292578806 -2.034606745829
  1.630140314720 -2.500927446295  1.704761724923
 -1.931858283498  2.352073274678 -1.988701398473
  1.612570665482  1.779702703280 -2.619759762524
 -1.894873043677 -1.870684149524  2.379317302151
 -2.791280526926  1.617573254989  1.527329511326
  2.515858271339 -1.727318940032 -1.792280153188
  2.916579886015 -0.413934831102  1.535750188315
 -3.267954477341  0.281025228845 -1.793167670892
  1.227226372655  3.183036963163 -0.635925460030
 -1.500096295253 -3.256129894056  0.333525811382
 -0.858441494945  1.498776742749  2.894811903149
  0.556535379715 -1.614765520212 -3.257390475284
  3.256262158204 -0.759944580798  0.216157948508
 -3.624876440437  0.592766348834 -0.489855013456
 -0.095490502333  3.461605476732 -1.084487522360
 -0.214813684231 -3.487956370189  0.724183977808
 -1.152979851278  0.156878477387  3.205756208873
  0.810691048690 -0.268805678419 -3.547114809787
  2.586876957803  0.930714725101  1.735559754630
 -2.847149632993 -1.112760317783 -2.136890598749
  1.612743086261  2.984891650502  0.750296739637
 -1.796563854758 -3.033983552878 -1.099483777439
  0.538123985716  1.931929610660  2.696505823557
 -0.833398640552 -2.034960011854 -3.073950352333
  2.875990939598 -2.023744236790 -0.406715483249
 -3.130504086832  1.864978397755  0.083683750839
 -0.602522163594  2.762926294978 -2.293457090005
  0.282195668266 -2.896377309712  1.962696891059
 -2.342905066562 -0.515940395763  2.617738732651
  1.987198613790  0.345983633845 -2.926596999690
  2.082914189827 -1.280179068308  2.323210766495
 -2.439594932323  1.115325427882 -2.571772869533
  2.081450719327  2.347839698693 -1.474130399984
 -2.481631061933 -2.483224269240  1.171717553003
 -1.733857169647  2.243334453968  2.026701505873
  1.405033896302 -2.372203400557 -2.407590378391
  2.920317401243  1.594676533819 -0.598929830031
 -3.293274215915 -1.768195301215  0.232525706977
 -0.855135031663  3.119904421195  1.256792604733
  0.567280367425 -3.207507234547 -1.648945833413
  1.249386374098 -0.402604062050  3.074141728164
 -1.547060036605  0.320459742330 -3.376135036638
  3.303676327778  0.251720295684 -0.843385285735
 -3.638239191171 -0.444400655954  0.548941002628
 -1.183942860149  3.357660739945 -0.114790256482
  0.868721311614 -3.508446361259 -0.272421460085
 -0.108816887447 -0.826458563814  3.250922309162
 -0.220406828944  0.687457088339 -3.562842027872
  2.607475624510  1.931638264475  0.753337972585
 -2.889591681553 -2.097412558847 -1.120368735650
  0.525151428259  2.878950455207  1.697752146324
 -0.827046310865 -3.027371749576 -2.073697821835
  1.567339275567  0.963497138245  2.716730724700
 -1.830770143402 -1.063732581772 -3.101628380315
  2.026869012379 -2.876146651849  0.338029812791
 -2.312030233789  2.739030712720 -0.682588167058
  0.254353784381  1.951224590944 -3.097535352538
 -0.625577966801 -2.087096938189  2.738994908731
 -3.149516004991  0.225700203004  1.763209981868
  2.821442228483 -0.364063244212 -2.079156596283
  1.624289521694 -2.464352197250  1.732611752461
 -1.987244386733  2.332295993602 -2.049561159383
  1.667266945196  1.735656214789 -2.662945410793
 -2.009776047622 -1.894377544550  2.338684829317
 -2.814637926087  1.603645362860  1.443397940720
  2.500472384615 -1.786171571441 -1.824142895242
  2.915993823857 -0.395006174768  1.442014362259
 -3.287488993331  0.273060315575 -1.829108417089
  1.247561493922  3.189422148276 -0.738630115127
 -1.517206249354 -3.299010436176  0.313719746707
 -0.881801000223  1.484298311636  2.906336013742
  0.598514222943 -1.608425406003 -3.301348928085
  3.257922480439 -0.763220996811  0.115573451191
 -3.684365399996  0.595260131770 -0.545188604173
 -0.092149358324  3.289851916198 -1.108205909975
 -0.208585755854 -3.467867805020  0.692376977651
 -1.182533867876  0.127307190629  3.147795588218
  0.869959708410 -0.237779205222 -3.580775614127
  2.560097399332  0.945454876353  1.815920754882
 -2.967745190374 -1.091365960074 -2.187084140725
  1.478906511709  2.919105120298  0.603249475998
 -1.828710360976 -3.012276366590 -1.080760818532
  0.452794655461  1.903727861584  2.699015753390
 -0.818670704779 -2.056937763972 -3.080499674164
  2.784838757470 -2.009925581929 -0.378817155428
 -3.203173828616  1.850684322084  0.009015865654
 -0.584543366027  2.776702125460 -2.308727280701
  0.286118240975 -2.843386563545  1.908465220756
 -2.353363341545 -0.506311650062  2.574522896704
  2.024011854056  0.381810368909 -2.983384934400
  2.163024562156 -1.308424343803  2.280434126147
 -2.426130947565  1.153245222020 -2.651033353449
  2.146466270302  2.341281531170 -1.509939584072
 -2.427746339304 -2.521365486479  1.121725636629
 -1.727640052671  2.219351116835  2.000236601282
  1.422184007033 -2.353732754467 -2.356722176936
  2.927631383953  1.545798612930 -0.589811747499
 -3.308177661438 -1.729159545883  0.230212348064
 -0.898230257309  3.107222227067  1.225035168529
  0.591391896880 -3.264557451028 -1.603860888833
  1.265796254908 -0.458218327960  3.103690409266
 -1.534466018576  0.275647188882 -3.444318187580
  3.252120689735  0.223819861746 -0.907552492782
 -3.704999730284 -0.394259064865  0.490370871713
 -1.202599686982  3.303914318999 -0.155497426266
  0.846136155353 -3.432144550505 -0.202885199174
 -0.109417130792 -0.797644636729  3.286262531198
 -0.206514038765  0.714407944325 -3.669682815942
  2.551150473908  1.893981454147  0.744861132475
 -2.910392816308 -2.036758354956 -1.097136580246
  0.479259138829  2.914370007650  1.648701102617
 -0.800576351593 -3.041070215360 -2.040815297929
  1.501248902884  0.932692368964  2.846521027272
 -1.888040940536 -1.129016873275 -3.157437532252
  2.012504732807 -2.830987712358  0.421463216522
 -2.351024568820  2.698131745881 -0.772551656752
  0.252305234579  1.924594847596 -3.012803176656
 -0.575689250159 -2.021413326902  2.671529803277
 -3.163160975403  0.236359261141  1.733650348958
  2.841253347839 -0.372001199185 -2.153178324773
  1.687657808359 -2.473028135620  1.753845904871
 -1.947389773111  2.359733222207 -2.116630034025
  1.620712773397  1.716849853649 -2.620826721396
 -1.967765893454 -1.913927364991  2.233339665133
 -2.873382583898  1.641354404890  1.418899868591
  2.544042750257 -1.824604696496 -1.818197467359
  2.989598681589 -0.352456714241  1.502850253843
 -3.368458380581  0.214179321790 -1.938205839320
  1.178566224264  3.112416754036 -0.660822149902
 -1.601239896430 -3.310485404039  0.334156944443
 -0.926063997542  1.472566257092  2.904087242417
  0.527904965624 -1.659105882229 -3.337492001922
  3.326597339497 -0.717274650378  0.167363008628
 -3.690040262048  0.655293452369 -0.652397401087
 -0.114820303751  3.382176363049 -1.181197185620
 -0.228650030474 -3.509244439194  0.735867872477
 -1.207463413174  0.121344913810  3.228364953645
  0.877288153123 -0.335962588751 -3.676579225855
  2.568429759815  1.008003602689  1.787075938081
 -2.924853977261 -1.111374633205 -2.220672213825
  1.466869351015  2.850697316875  0.710061620876
 -1.892479792726 -3.089472715438 -1.075070511622
  0.432146003578  1.868947445446  2.666284027462
 -0.807682109536 -1.980542722439 -3.056748711939
  2.849278917280 -1.971048487411 -0.425663235044
 -3.190440526049  1.837849083455 -0.038540396614
 -0.618153202337  2.667217318108 -2.375609974600
  0.292770762539 -2.915258789024  1.958446185322
 -2.280629433397 -0.419896967513  2.542612696814
  2.024383513503  0.289813212640 -3.037630505075
  2.087066750512 -1.257359431021  2.281856457161
 -2.457514899021  1.104247392869 -2.721585745609
  2.125405661933  2.318163667716 -1.512169681160
 -2.423818711915 -2.383891367052  1.070242449011
 -1.793796417020  2.224396951943  1.975957705730
  1.428775451204 -2.400141885008 -2.445674168839
  2.976669790957  1.576611104640 -0.565090848192
 -3.293552925398 -1.680902087062  0.127145300435
 -0.917632368744  3.071543341417  1.189868350125
  0.512587738315 -3.217714600792 -1.587872512239
  1.202163159132 -0.413809587344  3.080518067585
 -1.558020409881  0.287705831969 -3.504632042964
  3.340478616236  0.270196838902 -0.880018523202
 -3.654885799531 -0.356780712850  0.439806933961
 -1.171445302279  3.312368693860 -0.153499704088
  0.842063767522 -3.508666801505 -0.229438841494
 -0.109231230865 -0.871266624212  3.265764396476
 -0.219569015601  0.641133746963 -3.711684826457
  2.552671511606  1.940108084195  0.773452653605
 -2.966064789823 -2.143787149070 -1.211420385794
  0.421680006166  2.831562963115  1.630833788844
 -0.812464118388 -2.982125336026 -1.962033885427
  1.508292319763  0.975324389278  2.741770911344
 -1.831919802469 -1.064073491910 -3.172656474101
  2.038179001076 -2.828283177314  0.302541320117
 -2.336482111751  2.675264931573 -0.789654450055
  0.296859718490  1.918813977655 -3.170170132779
 -0.577035620554 -2.080165566734  2.719180279179
 -3.190868489024  0.191930582618  1.687347226305
  2.827239526137 -0.366381096175 -2.122458502211
  1.695132417592 -2.462060039915  1.712553796192
 -2.006277085246  2.313976145489 -2.149849396243
  1.672849980547  1.704684360226 -2.740872722648
 -1.939558247250 -1.808864280077  2.218695974040
 -2.920037849313  1.595321848068  1.364504904017
  2.497036044118 -1.730254024684 -1.835386892274
  2.959855676092 -0.414042664292  1.456553309133
 -3.315931682193  0.248336608112 -1.975225900276
  1.174264971719  3.082486163718 -0.799781222222
 -1.531220211464 -3.249193187105  0.255877630234
 -0.957010438293  1.531466767561  2.912759670592
  0.556166809240 -1.659778014367 -3.330509381620
  3.341436057024 -0.756240903850  0.173401948106
 -3.640264012055  0.591460556294 -0.673183933430
 -0.156486318401  3.259121843866 -1.160891128769
 -0.205883888558 -3.529876663365  0.732024770584
 -1.247467561103  0.154509376577  3.185104748834
  0.884622073741 -0.309980125361 -3.624939202724
  2.610201922762  1.008298178254  1.764944720237
 -2.978607278189 -1.129353992403 -2.283878610296
  1.533401587045  2.937607498550  0.649972979604
 -1.886249617824 -3.064744234110 -1.120908322825
  0.451699193806  1.908919580396  2.684294416783
 -0.805190011493 -2.045215959197 -3.118734824221
  2.791752858765 -1.978192436275 -0.379927500311
 -3.187079865356  1.850304378577 -0.061213167343
 -0.583850453534  2.677057939179 -2.420077265268
  0.209476924160 -2.870902701334  1.939402815815
 -2.401562390721 -0.488992207525  2.534986025933
  2.022644984123  0.376058703790 -3.007881321635
  2.086133319457 -1.289361457613  2.218174920694
 -2.451166500752  1.126036998536 -2.809419248977
  2.018373919255  2.244135901691 -1.542916321612
 -2.433504182366 -2.452039275637  1.037664890847
 -1.780038979961  2.231487405436  1.962601273347
  1.406289703666 -2.337645811597 -2.352099952160
  2.962297648549  1.596476702223 -0.643984306118
 -3.296357430795 -1.750660192297  0.133445960053
 -0.973474656921  3.064061290571  1.119056063128
  0.530708347759 -3.219739983307 -1.633332486053
  1.178472431854 -0.460829351408  3.002921135284
 -1.557860906620  0.279465859819 -3.530390696321
  3.331768418363  0.289032545272 -0.906299774390
 -3.654528602088 -0.419000182895  0.436621783018
 -1.238599123640  3.314874973090 -0.170174253600
  0.870749361877 -3.430530141620 -0.284813010066
 -0.115916467446 -0.821015936263  3.297577153354
 -0.242397358172  0.662244059693 -3.776832641579
  2.630076927668  2.003270111801  0.763316474115
 -2.933681415647 -2.112771768089 -1.225936305789
  0.445146080964  2.909594878780  1.559179476270
 -0.819185860997 -3.066820444249 -2.037360704418
  1.497430653170  0.930794195916  2.713151449063
 -1.852439419584 -1.120741518359 -3.207584037614
  1.966578183874 -2.837827818743  0.341083120810
 -2.358582580286  2.658155117881 -0.883395471200
  0.287950703173  1.906284547214 -3.175998881780
 -0.616684115525 -2.053692237675  2.701236723970
 -3.164919583098  0.210444895534  1.571774757969
  2.808507581131 -0.342971746127 -2.092042802944
  1.567369744060 -2.438088777852  1.703831944472
 -1.918658124997  2.235417419758 -2.178281133296
  1.606214825600  1.711598321113 -2.741798010050
 -1.979215447505 -1.875878114861  2.236715068645
 -2.894531649181  1.646333827109  1.319451270376
  2.529031331135 -1.724740912417 -1.779698912269
  2.895404704881 -0.361856314412  1.443059136698
 -3.281278756337  0.185634275642 -1.983846939196
  1.209044826226  3.165176248556 -0.759803751775
 -1.616276308140 -3.326921541107  0.202570966517
 -0.916241910301  1.513692824974  2.782101226593
  0.550930019523 -1.600561726756 -3.294591802710
  3.270844491088 -0.726793597179  0.154251868672
 -3.654181654414  0.524383818816 -0.700013617485
 -0.115644778353  3.307999764755 -1.175794293476
 -0.285012108326 -3.418735746013  0.672544095085
 -1.218919145168  0.175945294996  3.125442806866
  0.846600624355 -0.275187774560 -3.632721164631
  2.541880329729  1.010094696055  1.689897874400
 -2.907550119989 -1.168870784858 -2.265212516549
  1.470686477465  2.929673053772  0.643484313943
 -1.810518705185 -3.032054209298 -1.207083890891
  0.429450173818  1.903575659528  2.588094574244
 -0.799025266627 -2.080300077406 -3.222313939096
  2.810071724023 -1.995179673958 -0.408328488056
 -3.168481588576  1.773946545111 -0.112083896137
 -0.622040813503  2.688079670663 -2.417792268731
  0.189974701964 -2.831477033541  1.872820173385
 -2.395816482322 -0.493505897071  2.517693260878
  1.977959920958  0.331974586008 -2.993776375270
  2.059597649335 -1.202261444592  2.231057195936
 -2.422018122287  1.034662410452 -2.738627040295
  2.153669752073  2.368796405290 -1.540329167489
 -2.506925105880 -2.526228931855  1.054985737463
 -1.756702220746  2.229678110525  1.902506875355
  1.393155396422 -2.363171809229 -2.398034083115
  2.944951388122  1.553405626718 -0.618572740843
 -3.301245026313 -1.754726121369  0.102464978983
 -0.901108476801  3.166065170338  1.087443106550
  0.593831903629 -3.274923478086 -1.649355122150
  1.107575057729 -0.342156819256  3.024695576908
 -1.509169447289  0.205535115583 -3.592726283617
  3.279914273337  0.245239212044 -0.903388980289
 -3.644593626976 -0.415904190905  0.390008499535
 -1.165554493030  3.279418352987 -0.223195047036
  0.824504508461 -3.476517065908 -0.272434518010
 -0.195968149315 -0.746178017231  3.162340993851
 -0.236712386758  0.667357852177 -3.747887011978
  2.557547453276  1.933301114051  0.704488694887
 -2.906528512836 -2.106449906894 -1.214925104890
  0.467490718664  2.939028987118  1.579275483053
 -0.784778508384 -3.092839694482 -2.179555334081
  1.459460312224  1.028393061774  2.701058546472
 -1.865887257445 -1.211295142036 -3.281257835575
  1.943286635971 -2.801552480758  0.366547339010
 -2.394610519727  2.664963772918 -0.897445237299
  0.225367576925  1.911298228936 -3.177599530700
 -0.699355666534 -2.085272760051  2.627477417659
 -3.201849361838  0.238316545873  1.632184652288
  2.820873857708 -0.411009013366 -2.130029290787
  1.618920327422 -2.448807228488  1.744384665676
 -2.068983349134  2.346695796346 -2.269490742215
  1.642217632045  1.701763737578 -2.683716217463
 -2.074241621244 -1.888150879844  2.247969596262
 -2.841605631010  1.580625504050  1.283294717390
  2.483494273439 -1.755492467141 -1.808647209619
  2.880366187054 -0.362306181003  1.451828305847
 -3.286568198979  0.185971535178 -1.950656360578
  1.214543757305  3.233123373987 -0.842377438547
 -1.575767955801 -3.323471159830  0.276970251581
 -0.995611631485  1.503457377170  2.754175098028
  0.624629371704 -1.718541206008 -3.459042613159
  3.217837457617 -0.725363824552  0.146154270031
 -3.620943196736  0.559816850408 -0.686864848238
 -0.117028918445  3.425021381995 -1.281253749610
 -0.245678688458 -3.503091769398  0.649041373851
 -1.287829748923  0.144722812510  3.039810897802
  0.856044733799 -0.325479742403 -3.647525201432
  2.537288573446  1.030716530048  1.743369236466
 -2.875070426062 -1.200752622373 -2.360619055018
  1.456691189593  2.993594406761  0.571564209403
 -1.891099162828 -3.208730888524 -1.122079745101
  0.419733392426  1.985046723847  2.605682195680
 -0.816815356110 -2.106412839235 -3.159712700243
  2.789931348376 -1.991711741705 -0.441863065784
 -3.147129774430  1.828025311320 -0.137020040602
 -0.601419260325  2.745160917268 -2.482528548591
  0.210599203706 -2.837037463237  1.876707644144
 -2.443187406293 -0.529783621988  2.467660064610
  1.976687545474  0.349829684303 -3.026047984838
  2.023958779908 -1.247699233973  2.237093327258
 -2.528746864933  1.101400484317 -2.768932940662
  2.108270434429  2.368307505330 -1.589650074987
 -2.514130553360 -2.488331462557  1.024694720322
 -1.840539577718  2.220370477463  1.821417158621
  1.441314008152 -2.459181399199 -2.508272880352
  2.947431130277  1.601670527153 -0.651937846357
 -3.321415168414 -1.748272276842  0.021573658470
 -0.957033886396  3.152434942745  1.025191342711
  0.565448888082 -3.281730588638 -1.672072542559
  1.114021741459 -0.418735654600  2.993293232030
 -1.510581668942  0.316792150186 -3.553730123284
  3.258507840557  0.268745724289 -0.906055324411
 -3.699596978548 -0.406367973944  0.353845066567
 -1.226582462485  3.361830711197 -0.302484033735
  0.795039229592 -3.451190447351 -0.332485249177
 -0.201847725940 -0.783973269651  3.176620467111
 -0.202466503114  0.637619901360 -3.699851257073
  2.521138025843  1.942967489042  0.698370003778
 -2.914152656376 -2.162934139532 -1.296984477890
  0.436347285769  2.952095336986  1.512487002788
 -0.849123892929 -3.078665807888 -2.066770381798
  1.408916031565  1.043797763143  2.702020761125
 -1.794599268821 -1.133448705074 -3.303458555280
  1.981533299468 -2.856912889366  0.341647419758
 -2.302579805994  2.661752786940 -0.882173361709
  0.233722262249  1.885983825859 -3.146641155286
 -0.677468617855 -2.022223339500  2.594835131499
 -3.206742012037  0.223746428467  1.584784523494
  2.784086873701 -0.382558040444 -2.113791549940
  1.507689829893 -2.423376567752  1.619230909475
 -1.929054199324  2.258022233111 -2.195799533686
  1.636360099444  1.721768058067 -2.749808275040
 -2.058129826194 -1.825677271681  2.154893686865
 -2.938759404142  1.578609248042  1.220373067937
  2.522179149680 -1.820615710898 -1.864427577956
  2.871942421093 -0.319283967413  1.393514138351
 -3.283577653247  0.255306310896 -2.078256020654
  1.204804651073  3.197444347929 -0.855933530821
 -1.618742009516 -3.367564263710  0.162849880713
 -1.007001371813  1.549243237487  2.786124331286
  0.594369103871 -1.693021947950 -3.390508863940
  3.229591275370 -0.750149873078  0.105795732814
 -3.700347598646  0.571671200147 -0.821893485013
 -0.128678834427  3.450389842076 -1.317915770675
 -0.292925070711 -3.586642132827  0.641095836857
 -1.325980654300  0.227764478479  3.097931021718
  0.873784416882 -0.359754550054 -3.676947515514
  2.470348171941  1.044547962019  1.694626668696
 -2.929686392513 -1.180612808357 -2.264138256471
  1.432523918241  2.999930168329  0.559691185427
 -1.849279261229 -3.092413135586 -1.254080768483
  0.366814535053  1.873235078434  2.510064905104
 -0.798139995448 -2.059524637279 -3.153600467893
  2.752184396239 -1.956833601739 -0.494507285501
 -3.224981968112  1.849752856739 -0.173325847079
 -0.565929223166  2.708016033778 -2.477236578609
  0.220407671390 -2.874031127526  1.855935292988
 -2.432461233228 -0.424303666316  2.394633967830
  2.017975582327  0.290935773001 -3.079939447042
  1.990772132708 -1.173212755666  2.196361586110
 -2.325025116086  1.053535465297 -2.820665211718
  2.038772504847  2.307649089205 -1.609763071114
 -2.445126578419 -2.448189153353  0.927008239997
 -1.827802203326  2.270980047749  1.815383835455
  1.438009229764 -2.442896481332 -2.478225891968
  2.846194719545  1.599503051944 -0.670018860802
 -3.346945378280 -1.783304584573  0.048872304577
 -0.975732554753  3.099144004702  1.031050419797
  0.571583726087 -3.302163854956 -1.644628293563
  1.105694716472 -0.416667588113  2.971836112034
 -1.517192489389  0.196924045617 -3.589450569643
  3.207185700685  0.266916912694 -0.948015212586
 -3.695212744993 -0.443079980187  0.256246762340
 -1.263263157788  3.413907964217 -0.314869124957
  0.812976887674 -3.562338385094 -0.327934913194
 -0.218440417705 -0.807831643843  3.178081831493
 -0.190250462883  0.596387465996 -3.791309949430
  2.554614193927  2.065641503086  0.724489645589
 -3.008950667440 -2.140042894267 -1.306994992399
  0.379174352872  2.895038380931  1.486702514396
 -0.791118763001 -3.060120886072 -2.135734059701
  1.377076597205  0.997048424502  2.653814691559
 -1.830762561381 -1.164760627329 -3.172557205787
  1.926413830645 -2.782066124643  0.290040111644
 -2.350583969144  2.687462859198 -0.918136011523
  0.336391815396  1.946689699820 -3.249501101410
 -0.681393858311 -2.060794345015  2.608727219639
 -3.287480147640  0.224779970282  1.513822280966
  2.815354005867 -0.379558087389 -2.159852328730
  1.594572351232 -2.475569797615  1.645661554563
 -1.914909236737  2.288512067696 -2.279624253956
  1.663516933673  1.662899420169 -2.782552637670
 -2.048388754253 -1.835823981755  2.128005031534
 -2.984342656004  1.654649619472  1.241571697174
  2.500603104277 -1.784267641673 -1.860727411202
  2.796808662827 -0.355270626961  1.361559569596
 -3.300336868663  0.239722027951 -2.026471798712
  1.176848194423  3.148532588760 -0.801144160736
 -1.576890094939 -3.258756221955  0.210134453888
 -1.074526852620  1.490468813223  2.693885252378
  0.571144951712 -1.619722617591 -3.341760258634
  3.188022844141 -0.694522830058  0.092714078496
 -3.693660536764  0.641647639511 -0.771658522736
 -0.178393304989  3.280166305338 -1.272197306102
 -0.250120910434 -3.477238059961  0.632648061162
 -1.318446933383  0.155326971197  2.996378553028
  0.964156633682 -0.349240392766 -3.767091008008
  2.488346064968  0.984249832309  1.670743161508
 -2.928037022087 -1.157831642807 -2.377276474778
  1.483667880614  2.957777219428  0.553816101852
 -1.854601840112 -3.102169511977 -1.209649000989
  0.311803461052  1.929044230370  2.522956306853
 -0.754002803518 -2.109329811280 -3.200150567866
  2.771219622093 -1.975411519388 -0.420545932365
 -3.242927489030  1.908789141550 -0.289503192217
 -0.600862122175  2.687433654376 -2.556666534739
  0.123898370060 -2.875802091107  1.855618813807
 -2.439415069931 -0.463994704852  2.373015940495
  2.066420204745  0.341339505452 -3.126905013695
  1.987457946997 -1.232066369929  2.168865105412
 -2.401895859246  1.055506229177 -2.855664383208
  2.065594606881  2.324434701287 -1.623652631913
 -2.550472304234 -2.495908007853  0.938948238493
 -1.914798595390  2.284228366126  1.821243193357
  1.388117143335 -2.343087035071 -2.420104785197
  2.929217149646  1.590457419837 -0.680847250746
 -3.350541924077 -1.677820978298  0.024738450282
 -1.033716483103  3.151563150715  1.040354402256
  0.553221615227 -3.344047361288 -1.680246523043
  1.088504449110 -0.371706483213  2.903349118613
 -1.486143129721  0.235849580827 -3.568987115647
  3.288349693145  0.256067601988 -0.983111125051
 -3.725830771900 -0.349616545262  0.300669543736
 -1.242113390466  3.287363609166 -0.359012635238
  0.859558158178 -3.490542681865 -0.347537105744
 -0.228266997995 -0.795344897373  3.138595647938
 -0.145659051720  0.606021828009 -3.903940172317
  2.468040710156  1.934580229109  0.630578731006
 -2.925534955091 -2.053290109736 -1.353920964053
  0.329407088977  2.947354748434  1.439409376345
 -0.828471871258 -3.158782779383 -2.129255503401
  1.365210453212  1.002947096588  2.596338758629
 -1.770677149488 -1.144908789710 -3.370085847391
  1.969960888592 -2.872442413269  0.328520554128
 -2.403270732424  2.705651004794 -1.057374776180
  0.271664381227  1.869194422766 -3.268971310628
 -0.712334823158 -2.037846374998  2.554549185115
 -3.195196559459  0.246070004996  1.476477737584
  2.834235906403 -0.387762255551 -2.218187838212
  1.489496770024 -2.460548269132  1.619087833927
 -1.972406792468  2.298844958514 -2.350943413112
  1.637518323386  1.741322933189 -2.816702763194
 -2.021855471064 -1.877083094601  2.080858760042
 -2.930584019579  1.654688652841  1.160407564306
  2.517543305347 -1.767193631970 -1.820728739177
  2.849215593362 -0.394138173749  1.416640005050
 -3.280869046377  0.180948867356 -2.166025217249
  1.142827384483  3.089616212210 -0.904718080523
 -1.656213762364 -3.306583330869  0.138788336435
 -1.021411283919  1.551886133507  2.683569070088
  0.625819468217 -1.685666544939 -3.480807928276
  3.316989514558 -0.736767044029  0.143060664973
 -3.679635622845  0.574491290810 -0.873300150380
 -0.183117465827  3.239880920585 -1.341982650450
 -0.324099954953 -3.474539281637  0.595958239352
 -1.309314108032  0.192751687432  2.939386746192
  0.881126200336 -0.325309006519 -3.713960134856
  2.422863938875  0.986730838135  1.675074601730
 -2.866961313980 -1.173850768709 -2.374815266452
  1.381654031893  2.834463788263  0.503354661794
 -1.853084874241 -3.051607399526 -1.280104371359
  0.347888827283  1.970834786739  2.519395003414
 -0.753969807685 -2.096092444711 -3.259944633574
  2.799544087587 -2.026602658782 -0.485185190435
 -3.236156182467  1.812400590928 -0.261703149856
 -0.587069863981  2.654036957107 -2.557268743793
  0.161450716986 -2.833643385487  1.835717271827
 -2.498539250025 -0.402930510185  2.347069281094
  2.046814221184  0.324045336319 -3.096726463202
  1.972957893083 -1.211252738881  2.175147090792
 -2.449002676146  1.082394042062 -2.999998266112
  2.137471746634  2.323209502825 -1.698311952223
 -2.536783526589 -2.401239031558  0.911657876446
 -1.849053625895  2.277945678707  1.706304104606
  1.436302572955 -2.417083630564 -2.485326314414
  2.929408665885  1.598908424911 -0.697023212161
 -3.310709916111 -1.702523343776 -0.059398536935
 -0.994594938605  3.144710969260  0.969278008187
  0.533104266458 -3.235919454916 -1.671530147227
  1.025473562389 -0.384094382591  2.925519089009
 -1.535629999238  0.240767925653 -3.746719801937
  3.316779043266  0.241945525871 -0.953998971799
 -3.681131387138 -0.372166599574  0.195269620510
 -1.238962920250  3.306415122325 -0.416636557990
  0.778790536937 -3.448027902064 -0.328408087480
 -0.319535016559 -0.789953939892  3.061445914480
 -0.175419186969  0.700764799215 -3.821558001784
  2.479086591782  1.989310487510  0.601704147751
 -2.877800655733 -2.109312260305 -1.398886562003
  0.351241905955  2.979639275519  1.485992331743
 -0.805537661206 -3.018715608706 -2.190671981238
  1.351787327124  0.966910451863  2.629387104146
 -1.815414163540 -1.136238327245 -3.371959589482
  1.920234623775 -2.845256233810  0.298394375744
 -2.419503278182  2.661522237332 -0.992166164480
  0.289593193617  1.909916475776 -3.306221921192
 -0.744456055972 -2.082613436319  2.559409120297
 -3.277955163304  0.257789142023  1.448971287933
  2.820186140304 -0.376415199194 -2.199138150355
  1.606469384941 -2.470653278090  1.664260112159
 -2.023462999966  2.315792882013 -2.357306132977
  1.682871587272  1.688984662069 -2.836539998401
 -2.164844247244 -1.851306469046  2.149680906883
 -2.950946941589  1.654308007295  1.167268591453
  2.511402570214 -1.742571158531 -1.873721591461
  2.904527140055 -0.399915112272  1.387491345770
 -3.318708386846  0.233195452183 -2.273831589760
  1.155970818233  3.116259013483 -0.972291299983
 -1.589335421107 -3.302946207218  0.119577741239
 -1.069369112495  1.553264938103  2.678621941663
  0.628160066243 -1.678698386641 -3.485106513073
  3.281469008906 -0.747481984470  0.119324024344
 -3.662081980097  0.577438169716 -0.928753368543
 -0.154882861325  3.406976311947 -1.410862083673
 -0.308719684541 -3.498492290686  0.574202471965
 -1.401107251768  0.207056293688  3.004735344468
  0.876053687746 -0.356366931063 -3.732623701264
  2.479746929665  1.000991777565  1.705997173156
 -2.932709372447 -1.137737320918 -2.508059039273
  1.477720487022  2.963080281626  0.492908602290
 -1.896964137042 -3.073657461662 -1.278497965719
  0.337211375725  1.977952198529  2.465062520310
 -0.768131197985 -2.076639224837 -3.303279394927
  2.768172632425 -1.988808108401 -0.457063895028
 -3.191727223129  1.841053329859 -0.349149127696
 -0.583950564296  2.705384510790 -2.615138239787
  0.076643422931 -2.839538968601  1.850103876239
 -2.526586831337 -0.490596226232  2.307278412613
  2.009996768684  0.295096196522 -3.031816920116
  1.992364497568 -1.264335732972  2.181931455280
 -2.464243240797  1.075932053882 -3.004095927347
  2.071371545404  2.221188914529 -1.629421145968
 -2.514509373605 -2.492120367040  0.862421213628
 -1.892749375702  2.232764414377  1.703837701192
  1.462717773184 -2.396312543079 -2.561876787382
  2.901179537287  1.550168244074 -0.671663738179
 -3.331892398450 -1.768013753930 -0.085247332100
 -0.984878016806  3.083654777837  0.953183342888
  0.596684568901 -3.174384753712 -1.756452996901
  1.078209187583 -0.384990886394  2.902620121315
 -1.526218464404  0.237444613435 -3.744423713183
  3.272380412012  0.207483273808 -0.949302190481
 -3.716984097645 -0.405447460408  0.155596975396
 -1.247406202895  3.325731304186 -0.425787355539
  0.795942894193 -3.419235878596 -0.380888030071
 -0.321930373627 -0.740292122255  3.111918306346
 -0.174161273489  0.616723850933 -3.897366700344
  2.524227699482  1.981502269344  0.606514518979
 -2.977227490739 -2.098810318496 -1.457305614125
  0.384384043883  2.866771342227  1.380577525291
 -0.807512637321 -2.983304059507 -2.216396936723
  1.372037782487  1.001921277201  2.592517139129
 -1.845119399339 -1.086664264483 -3.432568862876
  1.882542149865 -2.773905904123  0.299439431000
 -2.325032136476  2.634191578247 -1.089510190181
  0.247264734967  1.862719236253 -3.338066269824
 -0.757215474389 -2.013230500726  2.555247994736
 -3.323316992065  0.209253675758  1.403331030504
  2.803659440205 -0.406650895661 -2.151572340356
  1.448626305968 -2.402650691579  1.610583895112
 -1.973321549285  2.258338431476 -2.432340622928
  1.657811322313  1.692239314873 -2.855135045802
 -2.108212726823 -1.812473743392  2.007262607594
 -2.978294168795  1.621807813829  1.075739273973
  2.544807130320 -1.793072895627 -1.888693836806
